
Analysing: [26-02-2019/ddpg_run_3]

	 Eps 	|	 Train Score 	|	 Inf Score 	
	 --- 	|	 ----------- 	|	 --------- 	
	 42 	|	 259 		|	 -1999 	
	 5 	|	 421 		|	 -1999 	
	 48 	|	 272 		|	 -1999 	
	 52 	|	 263 		|	 -1999 	
	 38 	|	 171 		|	 -1999 	
	 54 	|	 247 		|	 -1999 	
	 84 	|	 241 		|	 -1999 	
	 93 	|	 234 		|	 -373 	
	 79 	|	 271 		|	 -359 	
	 90 	|	 268 		|	 -317 	
	 86 	|	 285 		|	 -228 	


Analysing: [02-03-2019/ddpg_run_1]

	 Eps 	|	 Train Score 	|	 Inf Score 	
	 --- 	|	 ----------- 	|	 --------- 	
	 0 	|	 1837 		|	 -1999 	
	 52 	|	 162 		|	 -1999 	
	 39 	|	 180 		|	 -1999 	
	 48 	|	 103 		|	 -1999 	
	 15 	|	 283 		|	 -1999 	
	 12 	|	 435 		|	 -1999 	
	 28 	|	 203 		|	 -1999 	
	 37 	|	 208 		|	 -1999 	
	 40 	|	 195 		|	 -1999 	
	 24 	|	 194 		|	 -1999 	
	 45 	|	 207 		|	 -1999 	
	 64 	|	 128 		|	 -1999 	
	 33 	|	 297 		|	 -1999 	
	 14 	|	 237 		|	 -1999 	
	 19 	|	 194 		|	 -1999 	
	 46 	|	 165 		|	 -1999 	
	 3 	|	 1398 		|	 -1999 	
	 43 	|	 161 		|	 -1999 	
	 55 	|	 157 		|	 -1999 	
	 13 	|	 337 		|	 -551 	
	 27 	|	 244 		|	 -394 	
	 25 	|	 172 		|	 -378 	
	 20 	|	 232 		|	 -363 	
	 34 	|	 271 		|	 -340 	
	 35 	|	 141 		|	 -308 	
	 60 	|	 155 		|	 -306 	
	 57 	|	 178 		|	 -303 	
	 58 	|	 232 		|	 -300 	
	 53 	|	 125 		|	 -246 	


Analysing: [02-03-2019/ddpg_run_2]

	 Eps 	|	 Train Score 	|	 Inf Score 	
	 --- 	|	 ----------- 	|	 --------- 	
	 6 	|	 381 		|	 -1999 	
	 61 	|	 281 		|	 -1999 	
	 60 	|	 145 		|	 -1999 	
	 7 	|	 283 		|	 -1999 	
	 0 	|	 1276 		|	 -1999 	
	 70 	|	 298 		|	 -1999 	
	 73 	|	 283 		|	 -1999 	
	 67 	|	 285 		|	 -1999 	
	 4 	|	 800 		|	 -626 	
	 58 	|	 150 		|	 -444 	
	 47 	|	 198 		|	 -338 	
	 37 	|	 282 		|	 -330 	
	 71 	|	 145 		|	 -317 	
	 11 	|	 252 		|	 -277 	
	 20 	|	 289 		|	 -271 	


Analysing: [02-03-2019/ddpg_run_3]

	 Eps 	|	 Train Score 	|	 Inf Score 	
	 --- 	|	 ----------- 	|	 --------- 	
	 3 	|	 1497 		|	 -1999 	
	 9 	|	 1530 		|	 -1999 	
	 18 	|	 285 		|	 -1999 	
	 16 	|	 275 		|	 -1999 	
	 0 	|	 1979 		|	 -1999 	
	 10 	|	 963 		|	 -1287 	
	 69 	|	 270 		|	 -165 	


Analysing: [02-03-2019/ddpg_run_5]

	 Eps 	|	 Train Score 	|	 Inf Score 	
	 --- 	|	 ----------- 	|	 --------- 	
	 16 	|	 386 		|	 -1999 	
	 13 	|	 487 		|	 -1999 	
	 15 	|	 425 		|	 -1999 	
	 48 	|	 274 		|	 -1999 	
	 73 	|	 229 		|	 -1999 	
	 3 	|	 1517 		|	 -1999 	
	 6 	|	 1512 		|	 -1518 	
	 0 	|	 1644 		|	 -1510 	
	 23 	|	 325 		|	 -362 	
	 27 	|	 294 		|	 -348 	


Analysing: [02-03-2019/ddpg_run_6]

	 Eps 	|	 Train Score 	|	 Inf Score 	
	 --- 	|	 ----------- 	|	 --------- 	
	 52 	|	 188 		|	 -1999 	
	 51 	|	 152 		|	 -1999 	
	 37 	|	 182 		|	 -1999 	
	 26 	|	 169 		|	 -1999 	
	 8 	|	 171 		|	 -1999 	
	 50 	|	 200 		|	 -1999 	
	 53 	|	 212 		|	 -1999 	
	 62 	|	 170 		|	 -1999 	
	 17 	|	 222 		|	 -1999 	
	 40 	|	 224 		|	 -1999 	
	 58 	|	 185 		|	 -1999 	
	 76 	|	 110 		|	 -1999 	
	 39 	|	 219 		|	 -1999 	
	 24 	|	 175 		|	 -1999 	
	 43 	|	 204 		|	 -1999 	
	 74 	|	 218 		|	 -1999 	
	 3 	|	 879 		|	 -1999 	
	 49 	|	 274 		|	 -1999 	
	 61 	|	 218 		|	 -1999 	
	 2 	|	 1631 		|	 -1673 	
	 0 	|	 1686 		|	 -1634 	
	 45 	|	 175 		|	 -368 	
	 4 	|	 353 		|	 -368 	
	 70 	|	 157 		|	 -351 	
	 69 	|	 192 		|	 -334 	
	 41 	|	 209 		|	 -334 	
	 55 	|	 193 		|	 -306 	
	 57 	|	 259 		|	 -296 	
	 36 	|	 202 		|	 -285 	
	 47 	|	 142 		|	 -270 	
	 32 	|	 173 		|	 -269 	
	 38 	|	 256 		|	 -265 	
	 31 	|	 183 		|	 -264 	
	 35 	|	 209 		|	 -263 	
	 12 	|	 223 		|	 -262 	
	 15 	|	 201 		|	 -199 	


Analysing: [02-03-2019/ddpg_run_7]

	 Eps 	|	 Train Score 	|	 Inf Score 	
	 --- 	|	 ----------- 	|	 --------- 	
	 48 	|	 264 		|	 -1999 	
	 4 	|	 405 		|	 -1999 	
	 19 	|	 217 		|	 -1999 	
	 49 	|	 170 		|	 -1999 	
	 27 	|	 254 		|	 -1999 	
	 1 	|	 1473 		|	 -1999 	
	 35 	|	 181 		|	 -1999 	
	 5 	|	 324 		|	 -1999 	
	 31 	|	 250 		|	 -1999 	
	 45 	|	 184 		|	 -1999 	
	 43 	|	 212 		|	 -1999 	
	 0 	|	 1774 		|	 -1658 	
	 7 	|	 237 		|	 -294 	
	 6 	|	 152 		|	 -259 	
	 13 	|	 148 		|	 -258 	
	 12 	|	 251 		|	 -255 	
	 9 	|	 225 		|	 -237 	
	 11 	|	 211 		|	 -236 	
	 3 	|	 1195 		|	 -231 	
	 33 	|	 250 		|	 -231 	
	 42 	|	 238 		|	 -211 	
	 41 	|	 187 		|	 -177 	